4.07197
1.18461
-4.8164
4.33956
4.32676
-1.00306
-0.215122
-0.139186
2.65811
-4.64779
-4.71908
-2.93372
-4.93956
1.29282
-1.9663
-3.79256
-3.92207
-0.193809
2.78498
1.04679
1.18674
0.245445
-0.870379
1.86879
-2.22974
-3.5175
3.43876
1.39669
-2.87973
0.742257
4.13171
1.84264
3.59326
4.16607
-4.80272
3.57832
3.09527
-3.52249
-3.42845
-3.58326
3.03491
-4.18517
3.34388
-3.31098
4.02054
3.97544
-1.21232
-3.50933
0.436884
-4.38246
-3.03477
1.23221
-3.28331
-0.746923
0.860574
3.44441
2.57152
4.17573
1.75727
2.23291
-0.873058
4.12805
-4.46954
-2.71697
-3.93307
-4.10694
4.18767
-0.599028
-4.55613
-4.83035
4.96691
4.15885
0.203392
4.13289
4.53004
-4.91687
3.52502
2.15056
-0.508173
-3.77662
-4.14846
2.76761
-4.0565
3.08772
-1.1057
0.831236
0.564609
0.555998
3.30434
-1.53788
-3.46694
2.23713
1.09878
3.86961
-1.50966
-1.52909
2.97344
4.36361
-2.763
3.32387
-4.98876
-3.9236
-0.162271
1.105
-2.68551
4.95043
1.26622
1.85122
2.73402
-3.14845
-4.15218
1.46407
-1.02897
-4.37688
4.36063
-3.89481
3.06101
-1.38207
-4.62857
4.6183
3.80081
4.02682
2.73117
